0 1 0
0.01 1 -0.5
0.02 0.995 -1
0.03 0.985 -1.4975
0.04 0.970025 -1.99
0.05 0.950125 -2.47501
0.06 0.925375 -2.95007
0.07 0.895874 -3.41276
0.08 0.861747 -3.8607
0.09 0.82314 -4.29157
0.1 0.780224 -4.70314
0.11 0.733192 -5.09325
0.12 0.68226 -5.45985
0.13 0.627661 -5.80098
0.14 0.569652 -6.11481
0.15 0.508503 -6.39964
0.16 0.444507 -6.65389
0.17 0.377968 -6.87614
0.18 0.309207 -7.06513
0.19 0.238556 -7.21973
0.2 0.166358 -7.33901
0.21 0.0929682 -7.42219
0.22 0.0187464 -7.46867
0.23 -0.0559404 -7.47804
0.24 -0.130721 -7.45007
0.25 -0.205222 -7.38471
0.26 -0.279069 -7.2821
0.27 -0.35189 -7.14257
0.28 -0.423315 -6.96662
0.29 -0.492982 -6.75497
0.3 -0.560531 -6.50847
0.31 -0.625616 -6.22821
0.32 -0.687898 -5.9154
0.33 -0.747052 -5.57145
0.34 -0.802767 -5.19793
0.35 -0.854746 -4.79654
0.36 -0.902711 -4.36917
0.37 -0.946403 -3.91781
0.38 -0.985581 -3.44461
0.39 -1.02003 -2.95182
0.4 -1.04955 -2.44181
0.41 -1.07396 -1.91704
0.42 -1.09313 -1.38005
0.43 -1.10693 -0.833487
0.44 -1.11527 -0.28002
0.45 -1.11807 0.277615
0.46 -1.11529 0.83665
0.47 -1.10693 1.3943
0.48 -1.09298 1.94776
0.49 -1.07351 2.49425
0.5 -1.04856 3.03101
0.51 -1.01825 3.55529
0.52 -0.982701 4.06441
0.53 -0.942057 4.55577
0.54 -0.896499 5.02679
0.55 -0.846231 5.47504
0.56 -0.791481 5.89816
0.57 -0.732499 6.2939
0.58 -0.66956 6.66015
0.59 -0.602959 6.99493
0.6 -0.533009 7.29641
0.61 -0.460045 7.56291
0.62 -0.384416 7.79294
0.63 -0.306487 7.98514
0.64 -0.226635 8.13839
0.65 -0.145252 8.25171
0.66 -0.0627345 8.32433
0.67 0.0205088 8.3557
0.68 0.104066 8.34544
0.69 0.18752 8.29341
0.7 0.270454 8.19965
0.71 0.352451 8.06442
0.72 0.433095 7.8882
0.73 0.511977 7.67165
0.74 0.588693 7.41566
0.75 0.66285 7.12132
0.76 0.734063 6.78989
0.77 0.801962 6.42286
0.78 0.866191 6.02188
0.79 0.926409 5.58878
0.8 0.982297 5.12558
0.81 1.03355 4.63443
0.82 1.0799 4.11765
0.83 1.12107 3.5777
0.839999 1.15685 3.01717
0.849999 1.18702 2.43874
0.859999 1.21141 1.84523
0.869999 1.22986 1.23952
0.879999 1.24226 0.624594
0.889999 1.2485 0.00346488
0.899999 1.24854 -0.620787
0.909999 1.24233 -1.24506
0.919999 1.22988 -1.86622
0.929999 1.21122 -2.48116
0.939999 1.18641 -3.08677
0.949999 1.15554 -3.67997
0.959999 1.11874 -4.25774
0.969999 1.07616 -4.81711
0.979999 1.02799 -5.35519
0.989999 0.974438 -5.86919
0.999999 0.915746 -6.35641
1.01 0.852182 -6.81428
1.02 0.784039 -7.24037
1.03 0.711636 -7.63239
1.04 0.635312 -7.98821
1.05 0.55543 -8.30586
1.06 0.472371 -8.58358
1.07 0.386535 -8.81977
1.08 0.298338 -9.01303
1.09 0.208207 -9.1622
1.1 0.116585 -9.26631
1.11 0.0239223 -9.3246
1.12 -0.0693237 -9.33656
1.13 -0.162689 -9.3019
1.14 -0.255708 -9.22055
1.15 -0.347914 -9.0927
1.16 -0.438841 -8.91874
1.17 -0.528028 -8.69932
1.18 -0.615021 -8.43531
1.19 -0.699374 -8.1278
1.2 -0.780652 -7.77811
1.21 -0.858434 -7.38778
1.22 -0.932311 -6.95857
1.23 -1.0019 -6.49241
1.24 -1.06682 -5.99146
1.25 -1.12674 -5.45805
1.26 -1.18132 -4.89468
1.27 -1.23026 -4.30403
1.28 -1.2733 -3.68889
1.29 -1.31019 -3.05224
1.3 -1.34071 -2.39715
1.31 -1.36469 -1.72679
1.32 -1.38195 -1.04445
1.33 -1.3924 -0.353469
1.34 -1.39593 0.342731
1.35 -1.39251 1.0407
1.36 -1.3821 1.73695
1.37 -1.36473 2.428
1.38 -1.34045 3.11036
1.39 -1.30935 3.78059
1.4 -1.27154 4.43526
1.41 -1.22719 5.07103
1.42 -1.17648 5.68463
1.43 -1.11963 6.27286
1.44 -1.0569 6.83268
1.45 -0.988575 7.36113
1.46 -0.914964 7.85542
1.47 -0.83641 8.3129
1.48 -0.753281 8.73111
1.49 -0.66597 9.10775
1.5 -0.574892 9.44073
1.51 -0.480485 9.72818
1.52 -0.383203 9.96842
1.53 -0.283519 10.16
1.54 -0.181919 10.3018
1.55 -0.0789011 10.3927
1.56 0.0250263 10.4322
1.57 0.129348 10.4197
1.58 0.233545 10.355
1.59 0.337095 10.2382
1.6 0.439477 10.0697
1.61 0.540174 9.84995
1.62 0.638674 9.57986
1.63 0.734472 9.26052
1.64 0.827077 8.89328
1.65 0.91601 8.47975
1.66 1.00081 8.02174
1.67 1.08103 7.52134
1.68 1.15624 6.98082
1.69 1.22605 6.40271
1.7 1.29007 5.78968
1.71 1.34797 5.14465
1.72 1.39942 4.47066
1.73 1.44412 3.77095
1.74 1.48183 3.04889
1.75 1.51232 2.30797
1.76 1.5354 1.55181
1.77 1.55092 0.784111
1.78 1.55876 0.0086512
1.79 1.55885 -0.770729
1.8 1.55114 -1.55015
1.81 1.53564 -2.32572
1.82 1.51238 -3.09354
1.83 1.48145 -3.84973
1.84 1.44295 -4.59046
1.85 1.39704 -5.31193
1.86 1.34392 -6.01045
1.87 1.28382 -6.68241
1.88 1.217 -7.32432
1.89 1.14375 -7.93282
1.9 1.06442 -8.5047
1.91 0.979378 -9.03691
1.92 0.889009 -9.5266
1.93 0.793743 -9.9711
1.94 0.694032 -10.368
1.95 0.590352 -10.715
1.96 0.483202 -11.0102
1.97 0.3731 -11.2518
1.98 0.260583 -11.4383
1.99 0.146199 -11.5686
2 0.0305133 -11.6417
2.01 -0.0859038 -11.657
2.02 -0.202473 -11.614
2.03 -0.318614 -11.5128
2.04 -0.433741 -11.3535
2.05 -0.547276 -11.1366
2.06 -0.658642 -10.863
2.07 -0.767272 -10.5336
2.08 -0.872608 -10.15
2.09 -0.974108 -9.7137
2.1 -1.07125 -9.22665
2.11 -1.16351 -8.69103
2.12 -1.25042 -8.10927
2.13 -1.33151 -7.48406
2.14 -1.40636 -6.8183
2.15 -1.47454 -6.11513
2.16 -1.53569 -5.37786
2.17 -1.58947 -4.61001
2.18 -1.63557 -3.81528
2.19 -1.67372 -2.99749
2.2 -1.7037 -2.16063
2.21 -1.7253 -1.30879
2.22 -1.73839 -0.446135
2.23 -1.74285 0.423061
2.24 -1.73862 1.29449
2.25 -1.72568 2.1638
2.26 -1.70404 3.02663
2.27 -1.67377 3.87865
2.28 -1.63499 4.71554
2.29 -1.58783 5.53303
2.3 -1.5325 6.32695
2.31 -1.46923 7.0932
2.32 -1.3983 7.82781
2.33 -1.32002 8.52696
2.34 -1.23475 9.18697
2.35 -1.14288 9.80435
2.36 -1.04484 10.3758
2.37 -0.941079 10.8982
2.38 -0.832097 11.3687
2.39 -0.71841 11.7848
2.4 -0.600562 12.144
2.41 -0.479122 12.4443
2.42 -0.354679 12.6838
2.43 -0.227841 12.8612
2.44 -0.099229 12.9751
2.45 0.030522 13.0247
2.46 0.160769 13.0095
2.47 0.290864 12.9291
2.48 0.420154 12.7836
2.49 0.547991 12.5736
2.5 0.673726 12.2996
2.51 0.796722 11.9627
2.52 0.916349 11.5643
2.53 1.03199 11.1062
2.54 1.14305 10.5902
2.55 1.24896 10.0186
2.56 1.34914 9.39417
2.57 1.44308 8.71959
2.58 1.53028 7.99805
2.59 1.61026 7.23291
2.6 1.68259 6.42778
2.61 1.74687 5.58649
2.62 1.80273 4.71305
2.63 1.84986 3.81169
2.64 1.88798 2.88676
2.65 1.91685 1.94277
2.66 1.93628 0.984342
2.67 1.94612 0.0162047
2.68 1.94628 -0.956855
2.69 1.93671 -1.93
2.7 1.91741 -2.89835
2.71 1.88843 -3.85706
2.72 1.84986 -4.80127
2.73 1.80185 -5.7262
2.74 1.74458 -6.62712
2.75 1.67831 -7.49941
2.76 1.60332 -8.33857
2.77 1.51993 -9.14023
2.78 1.42853 -9.9002
2.79 1.32953 -10.6145
2.8 1.22338 -11.2792
2.81 1.11059 -11.8909
2.82 0.991682 -12.4462
2.83 0.86722 -12.9421
2.84 0.737799 -13.3757
2.85 0.604043 -13.7446
2.86 0.466597 -14.0466
2.87 0.326131 -14.2799
2.88 0.183332 -14.4429
2.89 0.038903 -14.5346
2.9 -0.106443 -14.5541
2.91 -0.251984 -14.5008
2.92 -0.396992 -14.3749
2.93 -0.540741 -14.1764
2.94 -0.682504 -13.906
2.95 -0.821564 -13.5647
2.96 -0.957211 -13.154
2.97 -1.08875 -12.6753
2.98 -1.2155 -12.131
2.99 -1.33681 -11.5232
3 -1.45205 -10.8548
3.01 -1.56059 -10.1288
3.02 -1.66188 -9.34849
3.03 -1.75537 -8.51755
3.04 -1.84054 -7.63987
3.05 -1.91694 -6.71959
3.06 -1.98414 -5.76112
3.07 -2.04175 -4.76905
3.08 -2.08944 -3.74818
3.09 -2.12692 -2.70346
3.1 -2.15396 -1.64
3.11 -2.17036 -0.563023
3.12 -2.17599 0.522155
3.13 -2.17076 1.61015
3.14 -2.15466 2.69553
3.15 -2.12771 3.77286
3.16 -2.08998 4.83671
3.17 -2.04161 5.8817
3.18 -1.98279 6.90251
3.19 -1.91377 7.89391
3.2 -1.83483 8.85079
3.21 -1.74632 9.76821
3.22 -1.64864 10.6414
3.23 -1.54223 11.4657
3.24 -1.42757 12.2368
3.25 -1.3052 12.9506
3.26 -1.1757 13.6032
3.27 -1.03966 14.191
3.28 -0.897754 14.7109
3.29 -0.750645 15.1597
3.3 -0.599048 15.5351
3.31 -0.443697 15.8346
3.32 -0.285351 16.0564
3.33 -0.124787 16.1991
3.34 0.0372045 16.2615
3.35 0.19982 16.2429
3.36 0.362249 16.143
3.37 0.523679 15.9619
3.38 0.683297 15.7
3.39 0.840298 15.3584
3.4 0.993881 14.9382
3.41 1.14326 14.4413
3.42 1.28768 13.8697
3.43 1.42637 13.2258
3.44 1.55863 12.5126
3.45 1.68376 11.7333
3.46 1.80109 10.8914
3.47 1.91001 9.9909
3.48 2.00991 9.03589
3.49 2.10027 8.03094
3.5 2.18058 6.9808
3.51 2.25039 5.89051
3.52 2.3093 4.76531
3.53 2.35695 3.61067
3.54 2.39306 2.43219
3.55 2.41738 1.23566
3.56 2.42973 0.0269747
3.57 2.43 -1.18789
3.58 2.41812 -2.40289
3.59 2.3941 -3.61196
3.6 2.35798 -4.809
3.61 2.30989 -5.98799
3.62 2.25001 -7.14293
3.63 2.17858 -8.26794
3.64 2.0959 -9.35723
3.65 2.00233 -10.4052
3.66 1.89827 -11.4063
3.67 1.78421 -12.3555
3.68 1.66066 -13.2476
3.69 1.52818 -14.0779
3.7 1.3874 -14.842
3.71 1.23898 -15.5357
3.72 1.08362 -16.1552
3.73 0.922072 -16.697
3.74 0.755102 -17.158
3.75 0.583521 -17.5356
3.76 0.408165 -17.8273
3.77 0.229892 -18.0314
3.78 0.0495776 -18.1464
3.79 -0.131886 -18.1712
3.8 -0.313598 -18.1052
3.81 -0.49465 -17.9484
3.82 -0.674134 -17.7011
3.83 -0.851145 -17.364
3.84 -1.02479 -16.9385
3.85 -1.19417 -16.4261
3.86 -1.35843 -15.829
3.87 -1.51672 -15.1498
3.88 -1.66822 -14.3914
3.89 -1.81213 -13.5573
3.9 -1.9477 -12.6512
3.91 -2.07422 -11.6774
3.92 -2.19099 -10.6403
3.93 -2.29739 -9.54477
3.94 -2.39284 -8.39608
3.95 -2.4768 -7.19965
3.96 -2.5488 -5.96125
3.97 -2.60841 -4.68685
3.98 -2.65528 -3.38265
3.99 -2.68911 -2.05501
4 -2.70966 -0.710456
4.01 -2.71676 0.644372
4.02 -2.71032 2.00275
4.03 -2.69029 3.35791
4.04 -2.65671 4.70306
4.05 -2.60968 6.03141
4.06 -2.54937 7.33625
4.07 -2.476 8.61093
4.08 -2.38989 9.84894
4.09 -2.2914 11.0439
4.1 -2.18097 12.1896
4.11 -2.05907 13.2801
4.12 -1.92627 14.3096
4.13 -1.78317 15.2727
4.14 -1.63045 16.1643
4.15 -1.4688 16.9795
4.16 -1.29901 17.7139
4.17 -1.12187 18.3635
4.18 -0.938233 18.9244
4.19 -0.748989 19.3935
4.2 -0.555054 19.768
4.21 -0.357374 20.0455
4.22 -0.156919 20.2242
4.23 0.0453233 20.3027
4.24 0.24835 20.28
4.25 0.45115 20.1558
4.26 0.652708 19.9303
4.27 0.852011 19.6039
4.28 1.04805 19.1779
4.29 1.23983 18.6539
4.3 1.42637 18.034
4.31 1.60671 17.3208
4.32 1.77992 16.5174
4.33 1.94509 15.6275
4.34 2.10136 14.6549
4.35 2.24791 13.6042
4.36 2.38396 12.4803
4.37001 2.50876 11.2883
4.38001 2.62164 10.0339
4.39001 2.72198 8.7231
4.40001 2.80921 7.36211
4.41001 2.88283 5.95751
4.42001 2.94241 4.51609
4.43001 2.98757 3.04489
4.44001 3.01802 1.5511
4.45001 3.03353 0.0420923
4.46001 3.03395 -1.47467
4.47001 3.0192 -2.99165
4.48001 2.98929 -4.50125
4.49001 2.94427 -5.99589
4.50001 2.88431 -7.46803
4.51001 2.80963 -8.91018
4.52001 2.72053 -10.315
4.53001 2.61738 -11.6753
4.54001 2.50063 -12.984
4.55001 2.37079 -14.2343
4.56001 2.22845 -15.4197
4.57001 2.07425 -16.5339
4.58001 1.90891 -17.571
4.59001 1.7332 -18.5255
4.60001 1.54795 -19.3921
4.61001 1.35403 -20.166
4.62001 1.15237 -20.8431
4.63001 0.943935 -21.4192
4.64001 0.729743 -21.8912
4.65001 0.510831 -22.2561
4.66001 0.28827 -22.5115
4.67001 0.0631547 -22.6556
4.68001 -0.163402 -22.6872
4.69001 -0.390274 -22.6055
4.70001 -0.616329 -22.4104
4.71001 -0.840433 -22.1022
4.72001 -1.06145 -21.682
4.73001 -1.27827 -21.1513
4.74001 -1.48979 -20.5121
4.75001 -1.69491 -19.7672
4.76001 -1.89258 -18.9198
4.77001 -2.08178 -17.9735
4.78001 -2.26151 -16.9326
4.79001 -2.43084 -15.8018
4.80001 -2.58886 -14.5864
4.81002 -2.73472 -13.292
4.82002 -2.86764 -11.9246
4.83002 -2.98689 -10.4908
4.84002 -3.0918 -8.99737
4.85002 -3.18177 -7.45147
4.86002 -3.25628 -5.86058
4.87002 -3.31489 -4.23244
4.88002 -3.35721 -2.575
4.89002 -3.38296 -0.896389
4.90002 -3.39193 0.795093
4.91002 -3.38398 2.49106
4.92002 -3.35907 4.18305
4.93002 -3.31724 5.86258
4.94002 -3.25861 7.5212
4.95002 -3.1834 9.1505
4.96002 -3.09189 10.7422
4.97002 -2.98447 12.2881
4.98002 -2.86159 13.7804
4.99002 -2.72379 15.2112
5.00002 -2.57167 16.5731
5.01002 -2.40594 17.8589
5.02002 -2.22735 19.0619
5.03002 -2.03674 20.1756
5.04002 -1.83498 21.1939
5.05002 -1.62304 22.1114
5.06002 -1.40193 22.9229
5.07002 -1.1727 23.6239
5.08002 -0.936459 24.2103
5.09002 -0.694356 24.6785
5.10002 -0.447571 25.0257
5.11002 -0.197315 25.2494
5.12002 0.0551798 25.3481
5.13002 0.308661 25.3205
5.14002 0.561866 25.1662
5.15002 0.813528 24.8852
5.16002 1.06238 24.4785
5.17002 1.30717 23.9473
5.18002 1.54664 23.2937
5.19002 1.77958 22.5204
5.20002 2.00478 21.6306
5.21002 2.22109 20.6282
5.22002 2.42737 19.5177
5.23002 2.62254 18.304
5.24003 2.80558 16.9927
5.25003 2.97551 15.5899
5.26003 3.13141 14.1022
5.27003 3.27243 12.5365
5.28003 3.3978 10.9002
5.29003 3.5068 9.20135
5.30003 3.59881 7.44795
5.31003 3.67329 5.64854
5.32003 3.72978 3.8119
5.33003 3.7679 1.94701
5.34003 3.78737 0.0630604
5.35003 3.788 -1.83062
5.36003 3.76969 -3.72462
5.37003 3.73245 -5.60947
5.38003 3.67635 -7.47569
5.39003 3.60159 -9.31386
5.40003 3.50845 -11.1147
5.41003 3.39731 -12.8689
5.42003 3.26862 -14.5675
5.43003 3.12294 -16.2019
5.44003 2.96093 -17.7633
5.45003 2.78329 -19.2438
5.46003 2.59085 -20.6354
5.47003 2.3845 -21.9309
5.48003 2.16519 -23.1231
5.49003 1.93396 -24.2057
5.50003 1.6919 -25.1727
5.51003 1.44018 -26.0186
5.52003 1.17999 -26.7387
5.53003 0.912603 -27.3287
5.54003 0.639315 -27.785
5.55003 0.361465 -28.1047
5.56003 0.0804184 -28.2854
5.57003 -0.202436 -28.3256
5.58003 -0.485692 -28.2244
5.59003 -0.767936 -27.9816
5.60003 -1.04775 -27.5976
5.61003 -1.32373 -27.0737
5.62003 -1.59446 -26.4118
5.63003 -1.85858 -25.6146
5.64003 -2.11473 -24.6853
5.65003 -2.36158 -23.628
5.66003 -2.59786 -22.4472
5.67003 -2.82233 -21.1482
5.68004 -3.03382 -19.7371
5.69004 -3.23119 -18.2202
5.70004 -3.41339 -16.6046
5.71004 -3.57943 -14.8979
5.72004 -3.72841 -13.1082
5.73004 -3.85949 -11.244
5.74004 -3.97193 -9.31421
5.75004 -4.06508 -7.32824
5.76004 -4.13836 -5.2957
5.77004 -4.19132 -3.22652
5.78004 -4.22358 -1.13086
5.79004 -4.23489 0.980926
5.80004 -4.22508 3.09837
5.81004 -4.1941 5.21091
5.82004 -4.14199 7.30796
5.83004 -4.06891 9.37895
5.84004 -3.97512 11.4134
5.85004 -3.86098 13.401
5.86004 -3.72697 15.3315
5.87004 -3.57366 17.1949
5.88004 -3.40171 18.9818
5.89004 -3.21189 20.6826
5.90004 -3.00507 22.2886
5.91004 -2.78218 23.7911
5.92004 -2.54427 25.1822
5.93004 -2.29245 26.4543
5.94004 -2.0279 27.6006
5.95004 -1.7519 28.6145
5.96004 -1.46575 29.4905
5.97004 -1.17085 30.2233
5.98004 -0.868615 30.8088
5.99004 -0.560528 31.2431
6.00004 -0.248097 31.5233
6.01004 0.0671362 31.6474
6.02004 0.38361 31.6138
6.03004 0.699748 31.422
6.04004 1.01397 31.0721
6.05004 1.32469 30.5651
6.06004 1.63034 29.9028
6.07004 1.92937 29.0876
6.08004 2.22025 28.1229
6.09004 2.50147 27.0128
6.10004 2.7716 25.7621
6.11004 3.02922 24.3763
6.12005 3.27299 22.8617
6.13005 3.5016 21.2252
6.14005 3.71385 19.4744
6.15005 3.9086 17.6174
6.16005 4.08477 15.6631
6.17005 4.2414 13.6208
6.18005 4.37761 11.5001
6.19005 4.49261 9.31125
6.20005 4.58573 7.06495
6.21005 4.65637 4.77209
6.22005 4.7041 2.4439
6.23005 4.72853 0.0918498
6.24005 4.72945 -2.27242
6.25005 4.70673 -4.63714
6.26005 4.66036 -6.99051
6.27005 4.59045 -9.32069
6.28005 4.49725 -11.6159
6.29005 4.38109 -13.8645
6.30005 4.24244 -16.0551
6.31005 4.08189 -18.1763
6.32005 3.90013 -20.2172
6.33005 3.69796 -22.1673
6.34005 3.47628 -24.0163
6.35005 3.23612 -25.7544
6.36005 2.97857 -27.3725
6.37005 2.70485 -28.8618
6.38005 2.41623 -30.2142
6.39005 2.11409 -31.4223
6.40005 1.79987 -32.4794
6.41005 1.47507 -33.3793
6.42005 1.14128 -34.1168
6.43005 0.800113 -34.6875
6.44005 0.453238 -35.0875
6.45005 0.102363 -35.3141
6.46005 -0.250779 -35.3653
6.47005 -0.604432 -35.2399
6.48005 -0.956831 -34.9377
6.49005 -1.30621 -34.4593
6.50005 -1.6508 -33.8062
6.51005 -1.98886 -32.9808
6.52005 -2.31867 -31.9864
6.53005 -2.63854 -30.827
6.54005 -2.94681 -29.5078
6.55006 -3.24188 -28.0344
6.56006 -3.52223 -26.4134
6.57006 -3.78636 -24.6523
6.58006 -4.03288 -22.7591
6.59006 -4.26048 -20.7427
6.60006 -4.4679 -18.6124
6.61006 -4.65403 -16.3785
6.62006 -4.81781 -14.0515
6.63006 -4.95833 -11.6426
6.64006 -5.07475 -9.16341
6.65006 -5.16639 -6.62604
6.66006 -5.23265 -4.04284
6.67006 -5.27308 -1.42652
6.68006 -5.28734 1.21002
6.69006 -5.27524 3.85369
6.70006 -5.2367 6.49131
6.71006 -5.17179 9.10966
6.72006 -5.08069 11.6956
6.73006 -4.96374 14.2359
6.74006 -4.82138 16.7178
6.75006 -4.6542 19.1285
6.76006 -4.46292 21.4556
6.77006 -4.24836 23.687
6.78006 -4.01149 25.8112
6.79006 -3.75338 27.8169
6.80006 -3.47521 29.6936
6.81006 -3.17827 31.4312
6.82006 -2.86396 33.0204
6.83006 -2.53376 34.4524
6.84006 -2.18923 35.7192
6.85006 -1.83204 36.8139
6.86006 -1.4639 37.7299
6.87006 -1.0866 38.4618
6.88006 -0.701986 39.0051
6.89006 -0.311935 39.3561
6.90006 0.0816267 39.5121
6.91006 0.476748 39.4713
6.92006 0.87146 39.2329
6.93006 1.26379 38.7972
6.94006 1.65176 38.1653
6.95006 2.03341 37.3394
6.96006 2.40681 36.3227
6.97006 2.77003 35.1193
6.98006 3.12123 33.7343
6.99007 3.45857 32.1737
7.00007 3.78031 30.4444
7.01007 4.08475 28.5542
7.02007 4.37029 26.5118
7.03007 4.63541 24.3267
7.04007 4.87868 22.009
7.05007 5.09877 19.5696
7.06007 5.29446 17.0203
7.07007 5.46467 14.373
7.08007 5.6084 11.6407
7.09007 5.7248 8.8365
7.10007 5.81317 5.9741
7.11007 5.87291 3.06751
7.12007 5.90359 0.131057
7.13007 5.9049 -2.82074
7.14007 5.87669 -5.77318
7.15007 5.81896 -8.71153
7.16007 5.73184 -11.621
7.17007 5.61563 -14.4869
7.18007 5.47076 -17.2947
7.19007 5.29781 -20.0301
7.20007 5.09751 -22.679
7.21007 4.87072 -25.2278
7.22007 4.61845 -27.6631
7.23007 4.34181 -29.9724
7.24007 4.04209 -32.1433
7.25007 3.72066 -34.1643
7.26007 3.37901 -36.0247
7.27007 3.01877 -37.7142
7.28007 2.64163 -39.2235
7.29007 2.24939 -40.5444
7.30007 1.84395 -41.669
7.31007 1.42726 -42.591
7.32007 1.00135 -43.3046
7.33007 0.5683 -43.8053
7.34007 0.130247 -44.0895
7.35007 -0.310648 -44.1546
7.36007 -0.752194 -43.9993
7.37007 -1.19219 -43.6232
7.38007 -1.62842 -43.0271
7.39007 -2.05869 -42.2129
7.40007 -2.48082 -41.1835
7.41007 -2.89265 -39.9431
7.42007 -3.29208 -38.4968
7.43008 -3.67705 -36.8508
7.44008 -4.04556 -35.0122
7.45008 -4.39568 -32.9894
7.46008 -4.72558 -30.7916
7.47008 -5.03349 -28.4288
7.48008 -5.31778 -25.9121
7.49008 -5.5769 -23.2532
7.50008 -5.80943 -20.4647
7.51008 -6.01408 -17.56
7.52008 -6.18968 -14.553
7.53008 -6.33521 -11.4581
7.54008 -6.44979 -8.29053
7.55008 -6.5327 -5.06563
7.56008 -6.58335 -1.79928
7.57008 -6.60135 1.49239
7.58008 -6.58642 4.79307
7.59008 -6.53849 8.08628
7.60008 -6.45763 11.3555
7.61008 -6.34407 14.5843
7.62008 -6.19823 17.7564
7.63008 -6.02067 20.8555
7.64008 -5.81211 23.8658
7.65008 -5.57345 26.7719
7.66008 -5.30573 29.5586
7.67008 -5.01015 32.2115
7.68008 -4.68803 34.7165
7.69008 -4.34087 37.0606
7.70008 -3.97026 39.231
7.71008 -3.57795 41.2161
7.72008 -3.16579 43.0051
7.73008 -2.73574 44.588
7.74008 -2.28986 45.9559
7.75008 -1.8303 47.1008
7.76008 -1.35929 48.0159
7.77008 -0.879134 48.6956
7.78008 -0.392178 49.1352
7.79008 0.0991736 49.3312
7.80008 0.592486 49.2817
7.81008 1.0853 48.9854
7.82008 1.57516 48.4428
7.83008 2.05958 47.6552
7.84008 2.53614 46.6254
7.85008 3.00239 45.3573
7.86009 3.45596 43.8561
7.87009 3.89452 42.1282
7.88009 4.31581 40.1809
7.89009 4.71761 38.023
7.90009 5.09784 35.6642
7.91009 5.45449 33.1153
7.92009 5.78564 30.388
7.93009 6.08952 27.4952
7.94009 6.36447 24.4504
7.95009 6.60898 21.2682
7.96009 6.82166 17.9637
7.97009 7.00129 14.5529
7.98009 7.14682 11.0522
7.99009 7.25735 7.47882
8.00009 7.33213 3.85015
8.01009 7.37064 0.184085
8.02009 7.37248 -3.50123
8.03009 7.33746 -7.18747
8.04009 7.26559 -10.8562
8.05009 7.15703 -14.489
8.06009 7.01214 -18.0675
8.07009 6.83146 -21.5736
8.08009 6.61573 -24.9893
8.09009 6.36583 -28.2972
8.10009 6.08286 -31.4801
8.11009 5.76806 -34.5215
8.12009 5.42285 -37.4056
8.13009 5.04879 -40.117
8.14009 4.64762 -42.6414
8.15009 4.22121 -44.9652
8.16009 3.77155 -47.0758
8.17009 3.3008 -48.9616
8.18009 2.81118 -50.612
8.19009 2.30506 -52.0175
8.20009 1.78489 -53.1701
8.21009 1.25319 -54.0625
8.22009 0.712561 -54.6891
8.23009 0.165669 -55.0454
8.24009 -0.384785 -55.1282
8.25009 -0.936067 -54.9358
8.26009 -1.48543 -54.4678
8.27009 -2.0301 -53.7251
8.28009 -2.56735 -52.71
8.29009 -3.09445 -51.4264
8.30009 -3.60872 -49.8791
8.31009 -4.10751 -48.0748
8.3201 -4.58826 -46.021
8.3301 -5.04847 -43.7269
8.3401 -5.48574 -41.2027
8.3501 -5.89776 -38.4598
8.3601 -6.28236 -35.5109
8.3701 -6.63747 -32.3697
8.3801 -6.96117 -29.051
8.3901 -7.25168 -25.5704
8.4001 -7.50738 -21.9446
8.4101 -7.72683 -18.1909
8.4201 -7.90874 -14.3275
8.4301 -8.05201 -10.3731
8.4401 -8.15574 -6.3471
8.4501 -8.21921 -2.26923
8.4601 -8.24191 1.84038
8.4701 -8.2235 5.96133
8.4801 -8.16389 10.0731
8.4901 -8.06316 14.155
8.5001 -7.92161 18.1866
8.5101 -7.73974 22.1474
8.5201 -7.51827 26.0173
8.5301 -7.25809 29.7764
8.5401 -6.96033 33.4055
8.5501 -6.62628 36.8856
8.5601 -6.25742 40.1988
8.5701 -5.85543 43.3275
8.5801 -5.42216 46.2552
8.5901 -4.9596 48.9663
8.6001 -4.46994 51.4461
8.6101 -3.95548 53.681
8.6201 -3.41867 55.6588
8.6301 -2.86208 57.3681
8.6401 -2.2884 58.7992
8.6501 -1.70041 59.9434
8.6601 -1.10098 60.7936
8.6701 -0.493041 61.344
8.6801 0.120399 61.5906
8.6901 0.736305 61.5304
8.7001 1.35161 61.1622
8.7101 1.96323 60.4864
8.7201 2.56809 59.5048
8.7301 3.16314 58.2207
8.7401 3.74535 56.6392
8.7501 4.31174 54.7665
8.76011 4.85941 52.6106
8.77011 5.38551 50.1809
8.78011 5.88732 47.4882
8.79011 6.3622 44.5445
8.80011 6.80765 41.3634
8.81011 7.22128 37.9596
8.82011 7.60088 34.3489
8.83011 7.94437 30.5485
8.84011 8.24985 26.5763
8.85011 8.51562 22.4514
8.86011 8.74013 18.1936
8.87011 8.92207 13.8235
8.88011 9.0603 9.36249
8.89011 9.15393 4.83233
8.90011 9.20225 0.255372
8.91011 9.2048 -4.34575
8.92011 9.16135 -8.94816
8.93011 9.07187 -13.5288
8.94011 8.93658 -18.0648
8.95011 8.75593 -22.5331
8.96011 8.5306 -26.911
8.97011 8.26149 -31.1763
8.98011 7.94973 -35.3071
8.99011 7.59665 -39.2819
9.00011 7.20384 -43.0802
9.01011 6.77303 -46.6822
9.02011 6.30621 -50.0687
9.03011 5.80552 -53.2218
9.04011 5.27331 -56.1245
9.05011 4.71206 -58.7612
9.06011 4.12445 -61.1172
9.07011 3.51328 -63.1795
9.08011 2.88148 -64.9361
9.09011 2.23212 -66.3768
9.10011 1.56835 -67.4929
9.11011 0.893424 -68.2771
9.12011 0.210654 -68.7238
9.13011 -0.476584 -68.8291
9.14011 -1.16488 -68.5908
9.15011 -1.85078 -68.0084
9.16011 -2.53087 -67.083
9.17011 -3.2017 -65.8176
9.18011 -3.85987 -64.2167
9.19011 -4.50204 -62.2868
9.20012 -5.12491 -60.0358
9.21012 -5.72527 -57.4733
9.22012 -6.3 -54.6107
9.23012 -6.84611 -51.4607
9.24012 -7.36071 -48.0376
9.25012 -7.84109 -44.3573
9.26012 -8.28466 -40.4367
9.27012 -8.68903 -36.2944
9.28012 -9.05197 -31.9499
9.29012 -9.37147 -27.4239
9.30012 -9.64571 -22.7382
9.31012 -9.87309 -17.9153
9.32012 -10.0522 -12.9788
9.33012 -10.182 -7.95263
9.34012 -10.2616 -2.86162
9.35012 -10.2902 2.26916
9.36012 -10.2675 7.41425
9.37012 -10.1933 12.548
9.38012 -10.0679 17.6447
9.39012 -9.89141 22.6786
9.40012 -9.66463 27.6243
9.41012 -9.38838 32.4566
9.42012 -9.06382 37.1508
9.43012 -8.69231 41.6827
9.44012 -8.27548 46.0289
9.45012 -7.8152 50.1666
9.46012 -7.31353 54.0742
9.47012 -6.77279 57.731
9.48012 -6.19548 61.1174
9.49012 -5.5843 64.2151
9.50012 -4.94215 67.0073
9.51012 -4.27208 69.4783
9.52012 -3.5773 71.6144
9.53012 -2.86115 73.403
9.54012 -2.12712 74.8336
9.55012 -1.37879 75.8972
9.56012 -0.619816 76.5866
9.57012 0.146049 76.8965
9.58012 0.915014 76.8234
9.59012 1.68325 76.3659
9.60012 2.44691 75.5243
9.61012 3.20215 74.3009
9.62012 3.94516 72.6998
9.63013 4.67216 70.7272
9.64013 5.37943 68.3911
9.65013 6.06334 65.7014
9.66013 6.72036 62.6697
9.67013 7.34705 59.3096
9.68013 7.94015 55.636
9.69013 8.49651 51.666
9.70013 9.01317 47.4177
9.71013 9.48735 42.9111
9.72013 9.91646 38.1675
9.73013 10.2981 33.2092
9.74013 10.6302 28.0602
9.75013 10.9108 22.7451
9.76013 11.1383 17.2896
9.77013 11.3112 11.7205
9.78013 11.4284 6.06492
9.79013 11.489 0.350729
9.80013 11.4925 -5.39378
9.81013 11.4386 -11.1401
9.82013 11.3272 -16.8593
9.83013 11.1586 -22.5229
9.84013 10.9334 -28.1022
9.85013 10.6524 -33.5689
9.86013 10.3167 -38.8951
9.87013 9.92771 -44.0534
9.88013 9.48717 -49.0173
9.89013 8.997 -53.7609
9.90013 8.45939 -58.2594
9.91013 7.8768 -62.4891
9.92013 7.25191 -66.4275
9.93013 6.58763 -70.0534
9.94013 5.8871 -73.3472
9.95013 5.15363 -76.2908
9.96013 4.39072 -78.8676
9.97013 3.60204 -81.063
9.98013 2.79141 -82.864
9.99013 1.96277 -84.2597
