0 1 0
0.01 0.997501 -0.499583
0.02 0.990017 -0.99667
0.03 0.977584 -1.48877
0.04 0.960266 -1.97344
0.05 0.938148 -2.44824
0.06 0.911342 -2.91081
0.07 0.879981 -3.35882
0.08 0.844221 -3.79005
0.09 0.804243 -4.20234
0.1 0.760245 -4.59363
0.11 0.712447 -4.96195
0.12 0.661088 -5.30548
0.13 0.606426 -5.62249
0.14 0.548732 -5.9114
0.15 0.488296 -6.17076
0.16 0.42542 -6.39929
0.17 0.360417 -6.59583
0.18 0.293613 -6.75941
0.19 0.225342 -6.8892
0.2 0.155944 -6.98456
0.21 0.0857669 -7.04501
0.22 0.0151612 -7.07025
0.23 -0.0555204 -7.06016
0.24 -0.125924 -7.01478
0.25 -0.195699 -6.93434
0.26 -0.264496 -6.81924
0.27 -0.33197 -6.67007
0.28 -0.397786 -6.48755
0.29 -0.461613 -6.27261
0.3 -0.523134 -6.02632
0.31 -0.582039 -5.74991
0.32 -0.638036 -5.44477
0.33 -0.690844 -5.11241
0.34 -0.740199 -4.7545
0.35 -0.785855 -4.37283
0.36 -0.827583 -3.9693
0.37 -0.865174 -3.54593
0.38 -0.898442 -3.10485
0.39 -0.92722 -2.64824
0.4 -0.951363 -2.1784
0.41 -0.970751 -1.69767
0.42 -0.985288 -1.20846
0.43 -0.9949 -0.713204
0.44 -0.99954 -0.214386
0.45 -0.999185 0.285503
0.46 -0.993835 0.783965
0.47 -0.983518 1.27851
0.48 -0.968286 1.76666
0.49 -0.948214 2.24599
0.5 -0.923404 2.71409
0.51 -0.893978 3.16862
0.52 -0.860084 3.60732
0.53 -0.821892 4.02799
0.54 -0.779591 4.42853
0.55 -0.733395 4.80693
0.56 -0.683533 5.16131
0.57 -0.630255 5.4899
0.58 -0.573826 5.79104
0.59 -0.51453 6.06324
0.6 -0.452663 6.30514
0.61 -0.388533 6.51553
0.62 -0.322461 6.69335
0.63 -0.254777 6.83772
0.64 -0.18582 6.94792
0.65 -0.115935 7.02339
0.66 -0.0454695 7.06375
0.67 0.0252228 7.06882
0.68 0.095789 7.03855
0.69 0.165877 6.97311
0.7 0.235135 6.87281
0.71 0.303218 6.73817
0.72 0.369786 6.56985
0.73 0.434506 6.36869
0.74 0.497054 6.1357
0.75 0.557118 5.87205
0.76 0.614397 5.57905
0.77 0.668606 5.25817
0.78 0.719473 4.911
0.79 0.766744 4.53929
0.8 0.810183 4.1449
0.81 0.849573 3.72979
0.82 0.884716 3.29603
0.83 0.915438 2.84581
0.84 0.941585 2.38136
0.85 0.963026 1.90501
0.86 0.979654 1.41913
0.87 0.991385 0.92617
0.88 0.998161 0.428576
0.89 0.999949 -0.0711602
0.9 0.996739 -0.57054
0.91 0.988548 -1.06707
0.92 0.975416 -1.55826
0.93 0.957409 -2.04167
0.94 0.934616 -2.51488
0.95 0.907153 -2.97551
0.96 0.875156 -3.42127
0.97 0.838785 -3.84994
0.98 0.798221 -4.25936
0.99 0.753668 -4.64749
1 0.705349 -5.0124
1.01 0.653504 -5.35225
1.02 0.598393 -5.66536
1.03 0.540291 -5.95015
1.04 0.479489 -6.2052
1.05 0.416291 -6.42924
1.06 0.351012 -6.62114
1.07 0.283978 -6.77996
1.08 0.215526 -6.90488
1.09 0.145996 -6.9953
1.1 0.0757361 -7.05076
1.11 0.00509797 -7.07098
1.12 -0.0655656 -7.05585
1.13 -0.135901 -7.00546
1.14 -0.205558 -6.92006
1.15 -0.274187 -6.80008
1.16 -0.341446 -6.6461
1.17 -0.406999 -6.45892
1.18 -0.470517 -6.23945
1.19 -0.531684 -5.98879
1.2 -0.590193 -5.7082
1.21 -0.645753 -5.39909
1.22 -0.698085 -5.06299
1.23 -0.746928 -4.70159
1.24 -0.792038 -4.31668
1.25 -0.83319 -3.91021
1.26 -0.870177 -3.48419
1.27 -0.902815 -3.04076
1.28 -0.930942 -2.58213
1.29 -0.954415 -2.11059
1.3 -0.973118 -1.62851
1.31 -0.986958 -1.13828
1.32 -0.995865 -0.642371
1.33 -0.999795 -0.143248
1.34 -0.998728 0.356591
1.35 -0.992669 0.854647
1.36 -0.981649 1.34843
1.37 -0.965723 1.83548
1.38 -0.94497 2.31335
1.39 -0.919494 2.77966
1.4 -0.889423 3.23208
1.41 -0.854906 3.66834
1.42 -0.816117 4.08627
1.43 -0.773249 4.48378
1.44 -0.726516 4.85888
1.45 -0.676153 5.20969
1.46 -0.622409 5.53447
1.47 -0.565556 5.83158
1.48 -0.505875 6.09955
1.49 -0.443666 6.33703
1.5 -0.37924 6.54285
1.51 -0.312918 6.71596
1.52 -0.245033 6.8555
1.53 -0.175922 6.96079
1.54 -0.105933 7.03128
1.55 -0.035414 7.06663
1.56 0.0352819 7.06666
1.57 0.105801 7.03138
1.58 0.175792 6.96095
1.59 0.244904 6.85573
1.6 0.312793 6.71625
1.61 0.379118 6.5432
1.62 0.443548 6.33745
1.63 0.505761 6.10002
1.64 0.565446 5.83211
1.65 0.622306 5.53505
1.66 0.676055 5.21032
1.67 0.726425 4.85956
1.68 0.773165 4.4845
1.69 0.816041 4.08704
1.7 0.854838 3.66914
1.71 0.889362 3.23291
1.72 0.919442 2.78052
1.73 0.944927 2.31423
1.74 0.965688 1.83638
1.75 0.981624 1.34935
1.76 0.992653 0.855575
1.77 0.998721 0.357525
1.78 0.999797 -0.142313
1.79 0.995877 -0.64144
1.8 0.986979 -1.13736
1.81 0.973149 -1.6276
1.82 0.954454 -2.1097
1.83 0.93099 -2.58126
1.84 0.902872 -3.03991
1.85 0.870242 -3.48338
1.86 0.833263 -3.90943
1.87 0.792119 -4.31594
1.88 0.747016 -4.70089
1.89 0.698179 -5.06234
1.9 0.645854 -5.39849
1.91 0.5903 -5.70765
1.92 0.531796 -5.98829
1.93 0.470634 -6.239
1.94 0.40712 -6.45853
1.95 0.341571 -6.64579
1.96 0.274315 -6.79982
1.97 0.205688 -6.91987
1.98 0.136032 -7.00534
1.99 0.0656976 -7.05579
2 -0.00496572 -7.07098
2.01 -0.0756042 -7.05083
2.02 -0.145865 -6.99544
2.03 -0.215396 -6.90509
2.04 -0.283851 -6.78022
2.05 -0.350888 -6.62147
2.06 -0.41617 -6.42963
2.07 -0.479373 -6.20565
2.08 -0.54018 -5.95065
2.09 -0.598287 -5.66592
2.1 -0.653404 -5.35286
2.11 -0.705255 -5.01306
2.12 -0.753581 -4.6482
2.13 -0.798142 -4.2601
2.14 -0.838713 -3.85072
2.15 -0.875092 -3.42209
2.16 -0.907097 -2.97636
2.17 -0.934569 -2.51575
2.18 -0.95737 -2.04257
2.19 -0.975387 -1.55918
2.2 -0.988528 -1.06799
2.21 -0.996729 -0.571472
2.22 -0.999948 -0.0720953
2.23 -0.998169 0.427642
2.24 -0.991402 0.925242
2.25 -0.97968 1.41822
2.26 -0.963061 1.90411
2.27 -0.94163 2.38048
2.28 -0.915492 2.84495
2.29 -0.884778 3.29521
2.3 -0.849642 3.72899
2.31 -0.81026 4.14414
2.32 -0.766829 4.53858
2.33 -0.719564 4.91033
2.34 -0.668704 5.25754
2.35 -0.614501 5.57848
2.36 -0.557227 5.87153
2.37 -0.497168 6.13524
2.38 -0.434625 6.36828
2.39 -0.369909 6.5695
2.4 -0.303344 6.73788
2.41 -0.235263 6.87259
2.42 -0.166007 6.97295
2.43 -0.0959207 7.03846
2.44 -0.025355 7.06879
2.45 0.0453374 7.0638
2.46 0.115803 7.02349
2.47 0.18569 6.94809
2.48 0.254649 6.83796
2.49 0.322335 6.69365
2.5 0.388411 6.51589
2.51 0.452545 6.30556
2.52 0.514417 6.06372
2.53 0.573718 5.79158
2.54 0.630152 5.49048
2.55 0.683436 5.16195
2.56 0.733305 4.80762
2.57 0.779508 4.42926
2.58 0.821816 4.02876
2.59 0.860016 3.60812
2.6 0.893918 3.16946
2.61 0.923353 2.71495
2.62 0.948172 2.24688
2.63 0.968253 1.76757
2.64 0.983494 1.27943
2.65 0.99382 0.784895
2.66 0.999179 0.286437
2.67 0.999544 -0.213452
2.68 0.994913 -0.712274
2.69 0.98531 -1.20754
2.7 0.970783 -1.69676
2.71 0.951403 -2.17751
2.72 0.927269 -2.64737
2.73 0.8985 -3.10401
2.74 0.865241 -3.54513
2.75 0.827657 -3.96853
2.76 0.785936 -4.37209
2.77 0.740288 -4.75381
2.78 0.690939 -5.11176
2.79 0.638138 -5.44417
2.8 0.582147 -5.74937
2.81 0.523246 -6.02583
2.82 0.46173 -6.27218
2.83 0.397907 -6.48718
2.84 0.332095 -6.66975
2.85 0.264623 -6.819
2.86 0.195829 -6.93416
2.87 0.126056 -7.01466
2.88 0.0556524 -7.06011
2.89 -0.0150289 -7.07027
2.9 -0.0856351 -7.04509
2.91 -0.155813 -6.9847
2.92 -0.225213 -6.88941
2.93 -0.293487 -6.75968
2.94 -0.360294 -6.59617
2.95 -0.4253 -6.39969
2.96 -0.488181 -6.17122
2.97 -0.548622 -5.91191
2.98 -0.60632 -5.62306
2.99 -0.660989 -5.3061
3 -0.712354 -4.96262
3.01 -0.760159 -4.59434
3.02 -0.804164 -4.20309
3.03 -0.84415 -3.79084
3.04 -0.879918 -3.35965
3.05 -0.911287 -2.91166
3.06 -0.938102 -2.44912
3.07 -0.960229 -1.97434
3.08 -0.977556 -1.48969
3.09 -0.989998 -0.997595
3.1 -0.997491 -0.500516
3.11 -1 -0.000935173
3.12 -0.99751 0.49865
3.13 -0.990035 0.995744
3.14 -0.977612 1.48786
3.15 -0.960303 1.97254
3.16 -0.938194 2.44736
3.17 -0.911396 2.90995
3.18 -0.880043 3.358
3.19 -0.844292 3.78926
3.2 -0.804321 4.20159
3.21 -0.76033 4.59291
3.22 -0.712539 4.96128
3.23 -0.661187 5.30486
3.24 -0.606531 5.62192
3.25 -0.548843 5.91088
3.26 -0.488412 6.17031
3.27 -0.425539 6.39889
3.28 -0.36054 6.59549
3.29 -0.293739 6.75913
3.3 -0.22547 6.88899
3.31 -0.156075 6.98441
3.32 -0.0858986 7.04493
3.33 -0.0152934 7.07024
3.34 0.0553883 7.06021
3.35 0.125793 7.0149
3.36 0.195569 6.93452
3.37 0.264368 6.81949
3.38 0.331845 6.67037
3.39 0.397664 6.48792
3.4 0.461496 6.27304
3.41 0.523021 6.02681
3.42 0.581932 5.75046
3.43 0.637934 5.44536
3.44 0.690748 5.11305
3.45 0.74011 4.75519
3.46 0.785773 4.37356
3.47 0.827508 3.97007
3.48 0.865108 3.54674
3.49 0.898384 3.10569
3.5 0.92717 2.64911
3.51 0.951322 2.17929
3.52 0.970719 1.69858
3.53 0.985265 1.20938
3.54 0.994887 0.714135
3.55 0.999536 0.215321
3.56 0.99919 -0.284568
3.57 0.993849 -0.783036
3.58 0.983542 -1.27759
3.59 0.968319 -1.76576
3.6 0.948256 -2.2451
3.61 0.923454 -2.71322
3.62 0.894037 -3.16779
3.63 0.860151 -3.60652
3.64 0.821967 -4.02722
3.65 0.779674 -4.4278
3.66 0.733485 -4.80624
3.67 0.683629 -5.16067
3.68 0.630357 -5.4893
3.69 0.573935 -5.7905
3.7 0.514644 -6.06276
3.71 0.45278 -6.30472
3.72 0.388654 -6.51516
3.73 0.322586 -6.69305
3.74 0.254905 -6.83748
3.75 0.18595 -6.94774
3.76 0.116066 -7.02328
3.77 0.0456016 -7.06371
3.78 -0.0250906 -7.06884
3.79 -0.0956574 -7.03864
3.8 -0.165746 -6.97326
3.81 -0.235006 -6.87303
3.82 -0.303092 -6.73845
3.83 -0.369663 -6.57019
3.84 -0.434386 -6.3691
3.85 -0.496939 -6.13617
3.86 -0.557008 -5.87257
3.87 -0.614292 -5.57962
3.88 -0.668507 -5.25879
3.89 -0.719381 -4.91167
3.9 -0.766659 -4.54001
3.91 -0.810105 -4.14565
3.92 -0.849503 -3.73058
3.93 -0.884655 -3.29686
3.94 -0.915385 -2.84666
3.95 -0.94154 -2.38224
3.96 -0.96299 -1.90591
3.97 -0.979627 -1.42005
3.98 -0.991367 -0.927096
3.99 -0.998153 -0.429509
4 -0.99995 0.070225
4.01 -0.99675 0.569608
4.02 -0.988568 1.06614
4.03 -0.975445 1.55735
4.04 -0.957447 2.04078
4.05 -0.934663 2.514
4.06 -0.907208 2.97466
4.07 -0.87522 3.42045
4.08 -0.838856 3.84915
4.09 -0.798301 4.25861
4.1 -0.753755 4.64679
4.11 -0.705442 5.01174
4.12 -0.653604 5.35164
4.13 -0.598499 5.6648
4.14 -0.540402 5.94964
4.15 -0.479605 6.20475
4.16 -0.416411 6.42885
4.17 -0.351135 6.62081
4.18 -0.284105 6.77969
4.19 -0.215655 6.90468
4.2 -0.146126 6.99516
4.21 -0.0758679 7.05069
4.22 -0.00523022 7.07097
4.23 0.0654336 7.05591
4.24 0.13577 7.00559
4.25 0.205429 6.92025
4.26 0.27406 6.80033
4.27 0.341322 6.64642
4.28 0.406878 6.45929
4.29 0.4704 6.23988
4.3 0.531571 5.98929
4.31 0.590086 5.70876
4.32 0.645651 5.39969
4.33 0.69799 5.06364
4.34 0.74684 4.70228
4.35 0.791957 4.31742
4.36 0.833116 3.91099
4.37 0.870112 3.485
4.38 0.902758 3.0416
4.39 0.930893 2.583
4.4 0.954375 2.11148
4.41 0.973088 1.62942
4.42 0.986936 1.13921
4.43 0.995853 0.643302
4.44 0.999792 0.144183
4.45 0.998734 -0.355657
4.46 0.992685 -0.853719
4.47 0.981674 -1.34751
4.48 0.965757 -1.83457
4.49 0.945013 -2.31247
4.5 0.919546 -2.7788
4.51 0.889483 -3.23125
4.52 0.854975 -3.66754
4.53 0.816193 -4.08551
4.54 0.773333 -4.48305
4.55 0.726607 -4.8582
4.56 0.67625 -5.20906
4.57 0.622513 -5.53388
4.58 0.565664 -5.83105
4.59 0.505989 -6.09908
4.6 0.443785 -6.33662
4.61 0.379362 -6.54249
4.62 0.313044 -6.71566
4.63 0.245161 -6.85527
4.64 0.176053 -6.96062
4.65 0.106064 -7.03118
4.66 0.0355462 -7.0666
4.67 -0.0351497 -7.0667
4.68 -0.10567 -7.03148
4.69 -0.175662 -6.96111
4.7 -0.244776 -6.85596
4.71 -0.312667 -6.71654
4.72 -0.378995 -6.54355
4.73 -0.443429 -6.33786
4.74 -0.505647 -6.10049
4.75 -0.565337 -5.83264
4.76 -0.622202 -5.53563
4.77 -0.675957 -5.21095
4.78 -0.726334 -4.86023
4.79 -0.773081 -4.48522
4.8 -0.815964 -4.0878
4.81 -0.854769 -3.66994
4.82 -0.889302 -3.23374
4.83 -0.91939 -2.78138
4.84 -0.944883 -2.31512
4.85 -0.965654 -1.83728
4.86 -0.981598 -1.35027
4.87 -0.992636 -0.856503
4.88 -0.998714 -0.358458
4.89 -0.9998 0.141378
4.9 -0.995889 0.640508
4.91 -0.987 1.13644
4.92 -0.973179 1.62669
4.93 -0.954494 2.1088
4.94 -0.931038 2.58038
4.95 -0.902929 3.03907
4.96 -0.870307 3.48256
4.97 -0.833336 3.90865
4.98 -0.792199 4.3152
4.99 -0.747104 4.70019
5 -0.698274 5.06168
5.01 -0.645954 5.39788
5.02 -0.590406 5.7071
5.03 -0.531907 5.98779
5.04 -0.47075 6.23856
5.05 -0.40724 6.45815
5.06 -0.341695 6.64546
5.07 -0.274442 6.79956
5.08 -0.205817 6.91968
5.09 -0.136163 7.00521
5.1 -0.0658295 7.05573
5.11 0.00483347 7.07098
5.12 0.0754723 7.0509
5.13 0.145734 6.99557
5.14 0.215267 6.90528
5.15 0.283725 6.78048
5.16 0.350764 6.6218
5.17 0.41605 6.43001
5.18 0.479257 6.20609
5.19 0.540069 5.95116
5.2 0.598181 5.66647
5.21 0.653304 5.35347
5.22 0.705161 5.01372
5.23 0.753494 4.6489
5.24 0.798062 4.26085
5.25 0.83864 3.8515
5.26 0.875027 3.42291
5.27 0.907041 2.97721
5.28 0.934522 2.51662
5.29 0.957332 2.04346
5.3 0.975357 1.56009
5.31 0.988508 1.06892
5.32 0.996718 0.572404
5.33 0.999946 0.0730304
5.34 0.998177 -0.426709
5.35 0.991419 -0.924315
5.36 0.979706 -1.4173
5.37 0.963097 -1.9032
5.38 0.941674 -2.3796
5.39 0.915544 -2.84409
5.4 0.884839 -3.29438
5.41 0.849712 -3.7282
5.42 0.810338 -4.14338
5.43 0.766913 -4.53786
5.44 0.719656 -4.90966
5.45 0.668802 -5.25691
5.46 0.614605 -5.5779
5.47 0.557337 -5.87101
5.48 0.497283 -6.13477
5.49 0.434744 -6.36788
5.5 0.370032 -6.56915
5.51 0.30347 -6.7376
5.52 0.235392 -6.87237
5.53 0.166137 -6.9728
5.54 0.0960523 -7.03837
5.55 0.0254872 -7.06877
5.56 -0.0452053 -7.06384
5.57 -0.115672 -7.0236
5.58 -0.18556 -6.94826
5.59 -0.254521 -6.83819
5.6 -0.32221 -6.69395
5.61 -0.388289 -6.51625
5.62 -0.452427 -6.30599
5.63 -0.514303 -6.0642
5.64 -0.57361 -5.79211
5.65 -0.630049 -5.49107
5.66 -0.683339 -5.16259
5.67 -0.733215 -4.8083
5.68 -0.779425 -4.42998
5.69 -0.821741 -4.02953
5.7 -0.859949 -3.60893
5.71 -0.893859 -3.17029
5.72 -0.923302 -2.71581
5.73 -0.94813 -2.24776
5.74 -0.968219 -1.76847
5.75 -0.98347 -1.28035
5.76 -0.993805 -0.785824
5.77 -0.999173 -0.287372
5.78 -0.999548 0.212517
5.79 -0.994927 0.711343
5.8 -0.985333 1.20661
5.81 -0.970814 1.69585
5.82 -0.951444 2.17662
5.83 -0.927318 2.64651
5.84 -0.898558 3.10317
5.85 -0.865307 3.54431
5.86 -0.827731 3.96775
5.87 -0.786018 4.37136
5.88 -0.740376 4.75311
5.89 -0.691035 5.11112
5.9 -0.638239 5.44357
5.91 -0.582254 5.74882
5.92 -0.523359 6.02534
5.93 -0.461848 6.27175
5.94 -0.398028 6.4868
5.95 -0.33222 6.66944
5.96 -0.264751 6.81875
5.97 -0.195958 6.93397
5.98 -0.126187 7.01454
5.99 -0.0557844 7.06005
6 0.0148967 7.07028
6.01 0.0855033 7.04517
6.02 0.155683 6.98485
6.03 0.225084 6.88962
6.04 0.29336 6.75995
6.05 0.36017 6.5965
6.06 0.42518 6.40008
6.07 0.488065 6.17167
6.08 0.548511 5.91242
6.09 0.606215 5.62362
6.1 0.66089 5.30671
6.11 0.712261 4.96328
6.12 0.760072 4.59505
6.13 0.804085 4.20384
6.14 0.844079 3.79163
6.15 0.879855 3.36047
6.16 0.911233 2.91251
6.17 0.938056 2.44999
6.18 0.960192 1.97523
6.19 0.977528 1.4906
6.2 0.989979 0.998521
6.21 0.997482 0.501449
6.22 0.999999 0.00187035
6.23 0.997519 -0.497717
6.24 0.990053 -0.994818
6.25 0.977639 -1.48695
6.26 0.960339 -1.97164
6.27 0.938239 -2.44648
6.28 0.91145 -2.9091
6.29 0.880106 -3.35718
6.3 0.844363 -3.78847
6.31 0.8044 -4.20083
6.32 0.760416 -4.5922
6.33 0.712632 -4.96062
6.34 0.661286 -5.30424
6.35 0.606636 -5.62135
6.36 0.548953 -5.91037
6.37 0.488527 -6.16985
6.38 0.425659 -6.39849
6.39 0.360664 -6.59515
6.4 0.293866 -6.75885
6.41 0.225599 -6.88877
6.42 0.156205 -6.98426
6.43 0.0860304 -7.04485
6.44 0.0154256 -7.07022
6.45 -0.0552562 -7.06026
6.46 -0.125662 -7.01501
6.47 -0.19544 -6.9347
6.48 -0.26424 -6.81974
6.49 -0.331721 -6.67068
6.5 -0.397543 -6.48829
6.51 -0.461378 -6.27347
6.52 -0.522908 -6.0273
6.53 -0.581824 -5.751
6.54 -0.637832 -5.44596
6.55 -0.690652 -5.1137
6.56 -0.740021 -4.75588
6.57 -0.785691 -4.3743
6.58 -0.827434 -3.97085
6.59 -0.865041 -3.54755
6.6 -0.898326 -3.10653
6.61 -0.92712 -2.64997
6.62 -0.951281 -2.18018
6.63 -0.970687 -1.69949
6.64 -0.985242 -1.2103
6.65 -0.994873 -0.715065
6.66 -0.999532 -0.216256
6.67 -0.999195 0.283634
6.68 -0.993864 0.782106
6.69 -0.983566 1.27667
6.7 -0.968352 1.76485
6.71 -0.948298 2.24421
6.72 -0.923505 2.71236
6.73 -0.894096 3.16695
6.74 -0.860218 3.60571
6.75 -0.822042 4.02645
6.76 -0.779757 4.42707
6.77 -0.733574 4.80556
6.78 -0.683726 5.16003
6.79 -0.63046 5.48871
6.8 -0.574043 5.78996
6.81 -0.514757 6.06228
6.82 -0.452898 6.30429
6.83 -0.388776 6.5148
6.84 -0.322711 6.69274
6.85 -0.255033 6.83724
6.86 -0.18608 6.94756
6.87 -0.116197 7.02317
6.88 -0.0457337 7.06366
6.89 0.0249584 7.06886
6.9 0.0955257 7.03873
6.91 0.165616 6.97341
6.92 0.234878 6.87325
6.93 0.302966 6.73873
6.94 0.36954 6.57054
6.95 0.434267 6.3695
6.96 0.496824 6.13663
6.97 0.556898 5.87309
6.98 0.614188 5.5802
6.99 0.668409 5.25941
7 0.719289 4.91235
7.01 0.766574 4.54073
7.02 0.810027 4.14641
7.03 0.849433 3.73137
7.04 0.884593 3.29769
7.05 0.915331 2.84752
7.06 0.941496 2.38312
7.07 0.962954 1.90681
7.08 0.9796 1.42097
7.09 0.99135 0.928023
7.1 0.998145 0.430442
7.11 0.999951 -0.0692899
7.12 0.99676 -0.568676
7.13 0.988587 -1.06522
7.14 0.975474 -1.55644
7.15 0.957484 -2.03988
7.16 0.93471 -2.51313
7.17 0.907264 -2.97381
7.18 0.875283 -3.41963
7.19 0.838928 -3.84837
7.2 0.79838 -4.25786
7.21 0.753842 -4.64608
7.22 0.705536 -5.01108
7.23 0.653704 -5.35103
7.24 0.598605 -5.66424
7.25 0.540514 -5.94913
7.26 0.479721 -6.2043
7.27 0.416531 -6.42845
7.28 0.351259 -6.62048
7.29 0.284232 -6.77942
7.3 0.215784 -6.90448
7.31 0.146257 -6.99503
7.32 0.0759998 -7.05061
7.33 0.00536247 -7.07096
7.34 -0.0653016 -7.05597
7.35 -0.135639 -7.00571
7.36 -0.205299 -6.92044
7.37 -0.273933 -6.80059
7.38 -0.341198 -6.64674
7.39 -0.406757 -6.45967
7.4 -0.470283 -6.24032
7.41 -0.531459 -5.98978
7.42 -0.589979 -5.70931
7.43 -0.64555 -5.40029
7.44 -0.697895 -5.06429
7.45 -0.746752 -4.70298
7.46 -0.791876 -4.31816
7.47 -0.833043 -3.91176
7.48 -0.870046 -3.48581
7.49 -0.902701 -3.04244
7.5 -0.930844 -2.58387
7.51 -0.954335 -2.11237
7.52 -0.973057 -1.63033
7.53 -0.986915 -1.14013
7.54 -0.99584 -0.644233
7.55 -0.999789 -0.145118
7.56 -0.99874 0.354722
7.57 -0.9927 0.85279
7.58 -0.981699 1.3466
7.59 -0.965791 1.83367
7.6 -0.945056 2.31158
7.61 -0.919598 2.77794
7.62 -0.889543 3.23041
7.63 -0.855043 3.66674
7.64 -0.81627 4.08474
7.65 -0.773416 4.48233
7.66 -0.726698 4.85752
7.67 -0.676347 5.20842
7.68 -0.622616 5.5333
7.69 -0.565773 5.83052
7.7 -0.506103 6.0986
7.71 -0.443903 6.3362
7.72 -0.379484 6.54213
7.73 -0.313169 6.71537
7.74 -0.245289 6.85504
7.75 -0.176183 6.96045
7.76 -0.106196 7.03108
7.77 -0.0356784 7.06656
7.78 0.0350175 7.06673
7.79 0.105538 7.03157
7.8 0.175532 6.96128
7.81 0.244648 6.85619
7.82 0.312541 6.71683
7.83 0.378873 6.54391
7.84 0.44331 6.33828
7.85 0.505532 6.10097
7.86 0.565228 5.83316
7.87 0.622098 5.53621
7.88 0.67586 5.21158
7.89 0.726243 4.86091
7.9 0.772997 4.48595
7.91 0.815887 4.08856
7.92 0.8547 3.67074
7.93 0.889241 3.23457
7.94 0.919338 2.78224
7.95 0.944839 2.316
7.96 0.965619 1.83819
7.97 0.981573 1.35119
7.98 0.99262 0.857432
7.99 0.998707 0.359392
8 0.999802 -0.140443
8.01 0.9959 -0.639577
8.02 0.987021 -1.13551
8.03 0.973209 -1.62578
8.04 0.954533 -2.10791
8.05 0.931086 -2.57951
8.06 0.902986 -3.03822
8.07 0.870372 -3.48175
8.08 0.833409 -3.90787
8.09 0.79228 -4.31446
8.1 0.747191 -4.69949
8.11 0.698368 -5.06103
8.12 0.646055 -5.39727
8.13 0.590513 -5.70655
8.14 0.532019 -5.98729
8.15 0.470867 -6.23812
8.16 0.407361 -6.45777
8.17 0.341819 -6.64514
8.18 0.274569 -6.7993
8.19 0.205946 -6.91948
8.2 0.136294 -7.00508
8.21 0.0659615 -7.05566
8.22 -0.00470121 -7.07098
8.23 -0.0753404 -7.05097
8.24 -0.145603 -6.99571
8.25 -0.215138 -6.90548
8.26 -0.283598 -6.78075
8.27 -0.35064 -6.62212
8.28 -0.41593 -6.4304
8.29 -0.479141 -6.20654
8.3 -0.539957 -5.95166
8.31 -0.598075 -5.66703
8.32 -0.653203 -5.35408
8.33 -0.705067 -5.01437
8.34 -0.753407 -4.6496
8.35 -0.797982 -4.26159
8.36 -0.838568 -3.85229
8.37 -0.874963 -3.42373
8.38 -0.906985 -2.97805
8.39 -0.934475 -2.5175
8.4 -0.957293 -2.04436
8.41 -0.975328 -1.561
8.42 -0.988487 -1.06984
8.43 -0.996707 -0.573336
8.44 -0.999945 -0.0739655
8.45 -0.998185 0.425775
8.46 -0.991436 0.923387
8.47 -0.979732 1.41638
8.48 -0.963132 1.9023
8.49 -0.941718 2.37871
8.5 -0.915597 2.84324
8.51 -0.884901 3.29355
8.52 -0.849781 3.7274
8.53 -0.810415 4.14262
8.54 -0.766998 4.53714
8.55 -0.719748 4.90898
8.56 -0.6689 5.25629
8.57 -0.61471 5.57732
8.58 -0.557447 5.87048
8.59 -0.497398 6.13431
8.6 -0.434863 6.36747
8.61 -0.370154 6.56881
8.62 -0.303596 6.73731
8.63 -0.23552 6.87215
8.64 -0.166268 6.97264
8.65 -0.0961839 7.03828
8.66 -0.0256194 7.06874
8.67 0.0450731 7.06388
8.68 0.11554 7.02371
8.69 0.18543 6.94843
8.7 0.254393 6.83843
8.71 0.322085 6.69425
8.72 0.388167 6.51661
8.73 0.452308 6.30641
8.74 0.51419 6.06468
8.75 0.573501 5.79265
8.76 0.629946 5.49166
8.77 0.683243 5.16323
8.78 0.733125 4.80899
8.79 0.779342 4.43071
8.8 0.821665 4.03029
8.81 0.859881 3.60973
8.82 0.893799 3.17113
8.83 0.923251 2.71668
8.84 0.948088 2.24865
8.85 0.968186 1.76938
8.86 0.983446 1.28127
8.87 0.99379 0.786753
8.88 0.999168 0.288306
8.89 0.999551 -0.211582
8.9 0.99494 -0.710413
8.91 0.985355 -1.20569
8.92 0.970846 -1.69495
8.93 0.951484 -2.17573
8.94 0.927367 -2.64564
8.95 0.898616 -3.10232
8.96 0.865373 -3.5435
8.97 0.827805 -3.96698
8.98 0.786099 -4.37062
8.99 0.740465 -4.75242
9 0.69113 -5.11047
9.01 0.638341 -5.44297
9.02 0.582361 -5.74828
9.03 0.523471 -6.02485
9.04 0.461965 -6.27131
9.05 0.398149 -6.48643
9.06 0.332344 -6.66913
9.07 0.264878 -6.8185
9.08 0.196088 -6.93379
9.09 0.126318 -7.01442
9.1 0.0559165 -7.06
9.11 -0.0147644 -7.07029
9.12 -0.0853715 -7.04525
9.13 -0.155552 -6.98499
9.14 -0.224955 -6.88982
9.15 -0.293234 -6.76022
9.16 -0.360047 -6.59684
9.17 -0.42506 -6.40048
9.18 -0.48795 -6.17213
9.19 -0.5484 -5.91293
9.2 -0.60611 -5.62419
9.21 -0.66079 -5.30733
9.22 -0.712168 -4.96395
9.23 -0.759986 -4.59575
9.24 -0.804006 -4.20459
9.25 -0.844008 -3.79242
9.26 -0.879792 -3.36129
9.27 -0.911178 -2.91336
9.28 -0.93801 -2.45087
9.29 -0.960154 -1.97613
9.3 -0.9775 -1.49152
9.31 -0.98996 -0.999446
9.32 -0.997472 -0.502381
9.33 -0.999999 -0.00280552
9.34 -0.997528 0.496784
9.35 -0.990072 0.993891
9.36 -0.977667 1.48603
9.37 -0.960376 1.97074
9.38 -0.938285 2.44561
9.39 -0.911504 2.90825
9.4 -0.880168 3.35635
9.41 -0.844433 3.78768
9.42 -0.804478 4.20008
9.43 -0.760502 4.59149
9.44 -0.712725 4.95995
9.45 -0.661385 5.30362
9.46 -0.606741 5.62078
9.47 -0.549063 5.90985
9.48 -0.488642 6.16939
9.49 -0.425778 6.39809
9.5 -0.360787 6.59481
9.51 -0.293992 6.75858
9.52 -0.225728 6.88856
9.53 -0.156336 6.98412
9.54 -0.0861621 7.04477
9.55 -0.0155579 7.07021
9.56 0.0551242 7.06031
9.57 0.125531 7.01513
9.58 0.19531 6.93488
9.59 0.264113 6.81998
9.6 0.331596 6.67099
9.61 0.397421 6.48866
9.62 0.461261 6.2739
9.63 0.522795 6.02778
9.64 0.581716 5.75154
9.65 0.63773 5.44655
9.66 0.690556 5.11434
9.67 0.739932 4.75657
9.68 0.785609 4.37503
9.69 0.827359 3.97162
9.7 0.864975 3.54836
9.71 0.898267 3.10736
9.72 0.92707 2.65084
9.73 0.95124 2.18107
9.74 0.970655 1.70039
9.75 0.985219 1.21122
9.76 0.994859 0.715995
9.77 0.999527 0.21719
9.78 0.9992 -0.2827
9.79 0.993878 -0.781177
9.8 0.983589 -1.27575
9.81 0.968384 -1.76395
9.82 0.94834 -2.24333
9.83 0.923555 -2.7115
9.84 0.894155 -3.16611
9.85 0.860286 -3.60491
9.86 0.822117 -4.02568
9.87 0.779839 -4.42634
9.88 0.733664 -4.80487
9.89 0.683822 -5.15939
9.9 0.630562 -5.48812
9.91 0.574151 -5.78943
9.92 0.51487 -6.06179
9.93 0.453016 -6.30387
9.94 0.388898 -6.51443
9.95 0.322836 -6.69244
9.96 0.255161 -6.837
9.97 0.18621 -6.94739
9.98 0.116329 -7.02305
9.99 0.0458658 -7.06362
10 -0.0248261 -7.06888
